----------
Instancia 1
D_i: [480 520 560 600 640 680]
C_i: [10356 11219 12082 12945 13808 14671]
K_i: [ 8112  8788  9464 10140 10816 11492]
A: 1426
P: 775
N: 120
----------
----------
Instancia 2
D_i: [ 944  960  976  992 1008 1024 1040 1056 1072]
C_i: [31624 32160 32696 33232 33768 34304 34840 35376 35912]
K_i: [16520 16800 17080 17360 17640 17920 18200 18480 18760]
A: 1914
P: 329
N: 510
----------
----------
Instancia 3
D_i: [228 234 240 246 252 258 264 270 276 282 288 294 300 306 312 318 324 330
 336 342]
C_i: [ 76  78  80  82  84  86  88  90  92  94  96  98 100 102 104 106 108 110
 112 114]
K_i: [12996 13338 13680 14022 14364 14706 15048 15390 15732 16074 16416 16758
 17100 17442 17784 18126 18468 18810 19152 19494]
A: 1071
P: 222
N: 623
----------
----------
Instancia 4
D_i: [210 225 240 255 270 285 300 315 330 345 360 375 390 405 420 435 450 465
 480 495 510 525 540 555 570 585 600 615 630 645 660 675 690 705]
C_i: [13160 14100 15040 15980 16920 17860 18800 19740 20680 21620 22560 23500
 24440 25380 26320 27260 28200 29140 30080 31020 31960 32900 33840 34780
 35720 36660 37600 38540 39480 40420 41360 42300 43240 44180]
K_i: [ 4452  4770  5088  5406  5724  6042  6360  6678  6996  7314  7632  7950
  8268  8586  8904  9222  9540  9858 10176 10494 10812 11130 11448 11766
 12084 12402 12720 13038 13356 13674 13992 14310 14628 14946]
A: 1636
P: 221
N: 355
----------
----------
Instancia 5
D_i: [360 372 384 396 408 420 432 444 456 468 480 492 504 516 528 540 552 564
 576 588 600 612 624 636 648 660 672 684 696 708 720 732 744 756 768 780
 792 804 816 828 840 852 864 876 888]
C_i: [14790 15283 15776 16269 16762 17255 17748 18241 18734 19227 19720 20213
 20706 21199 21692 22185 22678 23171 23664 24157 24650 25143 25636 26129
 26622 27115 27608 28101 28594 29087 29580 30073 30566 31059 31552 32045
 32538 33031 33524 34017 34510 35003 35496 35989 36482]
K_i: [ 8430  8711  8992  9273  9554  9835 10116 10397 10678 10959 11240 11521
 11802 12083 12364 12645 12926 13207 13488 13769 14050 14331 14612 14893
 15174 15455 15736 16017 16298 16579 16860 17141 17422 17703 17984 18265
 18546 18827 19108 19389 19670 19951 20232 20513 20794]
A: 1895
P: 8
N: 788
----------
----------
Instancia 6
D_i: [ 53  54  55  56  57  58  59  60  61  62  63  64  65  66  67  68  69  70
  71  72  73  74  75  76  77  78  79  80  81  82  83  84  85  86  87  88
  89  90  91  92  93  94  95  96  97  98  99 100 101 102 103 104 105 106
 107 108 109 110 111 112 113 114 115 116 117 118 119 120 121 122 123 124
 125 126 127 128 129 130 131 132 133 134 135 136 137 138 139 140 141 142
 143 144 145 146 147 148 149 150 151 152 153 154 155 156 157 158 159 160
 161 162 163 164 165 166 167 168 169 170 171 172 173 174 175]
C_i: [ 36676  37368  38060  38752  39444  40136  40828  41520  42212  42904
  43596  44288  44980  45672  46364  47056  47748  48440  49132  49824
  50516  51208  51900  52592  53284  53976  54668  55360  56052  56744
  57436  58128  58820  59512  60204  60896  61588  62280  62972  63664
  64356  65048  65740  66432  67124  67816  68508  69200  69892  70584
  71276  71968  72660  73352  74044  74736  75428  76120  76812  77504
  78196  78888  79580  80272  80964  81656  82348  83040  83732  84424
  85116  85808  86500  87192  87884  88576  89268  89960  90652  91344
  92036  92728  93420  94112  94804  95496  96188  96880  97572  98264
  98956  99648 100340 101032 101724 102416 103108 103800 104492 105184
 105876 106568 107260 107952 108644 109336 110028 110720 111412 112104
 112796 113488 114180 114872 115564 116256 116948 117640 118332 119024
 119716 120408 121100]
K_i: [28249 28782 29315 29848 30381 30914 31447 31980 32513 33046 33579 34112
 34645 35178 35711 36244 36777 37310 37843 38376 38909 39442 39975 40508
 41041 41574 42107 42640 43173 43706 44239 44772 45305 45838 46371 46904
 47437 47970 48503 49036 49569 50102 50635 51168 51701 52234 52767 53300
 53833 54366 54899 55432 55965 56498 57031 57564 58097 58630 59163 59696
 60229 60762 61295 61828 62361 62894 63427 63960 64493 65026 65559 66092
 66625 67158 67691 68224 68757 69290 69823 70356 70889 71422 71955 72488
 73021 73554 74087 74620 75153 75686 76219 76752 77285 77818 78351 78884
 79417 79950 80483 81016 81549 82082 82615 83148 83681 84214 84747 85280
 85813 86346 86879 87412 87945 88478 89011 89544 90077 90610 91143 91676
 92209 92742 93275]
A: 1445
P: 11
N: 465
----------
----------
Instancia 7
D_i: [ 32  36  40  44  48  52  56  60  64  68  72  76  80  84  88  92  96 100
 104 108 112 116 120 124 128 132 136 140 144 148 152 156 160 164 168 172
 176 180 184 188 192 196 200 204 208 212 216 220 224 228 232 236 240 244
 248 252 256 260 264 268 272 276 280 284 288 292 296 300 304 308 312 316
 320 324 328 332 336 340 344 348 352 356 360 364 368 372 376 380 384 388
 392 396 400 404 408 412 416 420 424 428 432 436 440 444 448 452 456 460
 464 468 472 476 480 484 488 492 496 500 504 508 512 516 520 524 528 532
 536 540 544 548 552 556 560 564 568 572 576 580 584 588 592 596 600 604
 608 612 616 620 624 628 632 636 640]
C_i: [  7048   7929   8810   9691  10572  11453  12334  13215  14096  14977
  15858  16739  17620  18501  19382  20263  21144  22025  22906  23787
  24668  25549  26430  27311  28192  29073  29954  30835  31716  32597
  33478  34359  35240  36121  37002  37883  38764  39645  40526  41407
  42288  43169  44050  44931  45812  46693  47574  48455  49336  50217
  51098  51979  52860  53741  54622  55503  56384  57265  58146  59027
  59908  60789  61670  62551  63432  64313  65194  66075  66956  67837
  68718  69599  70480  71361  72242  73123  74004  74885  75766  76647
  77528  78409  79290  80171  81052  81933  82814  83695  84576  85457
  86338  87219  88100  88981  89862  90743  91624  92505  93386  94267
  95148  96029  96910  97791  98672  99553 100434 101315 102196 103077
 103958 104839 105720 106601 107482 108363 109244 110125 111006 111887
 112768 113649 114530 115411 116292 117173 118054 118935 119816 120697
 121578 122459 123340 124221 125102 125983 126864 127745 128626 129507
 130388 131269 132150 133031 133912 134793 135674 136555 137436 138317
 139198 140079 140960]
K_i: [ 2536  2853  3170  3487  3804  4121  4438  4755  5072  5389  5706  6023
  6340  6657  6974  7291  7608  7925  8242  8559  8876  9193  9510  9827
 10144 10461 10778 11095 11412 11729 12046 12363 12680 12997 13314 13631
 13948 14265 14582 14899 15216 15533 15850 16167 16484 16801 17118 17435
 17752 18069 18386 18703 19020 19337 19654 19971 20288 20605 20922 21239
 21556 21873 22190 22507 22824 23141 23458 23775 24092 24409 24726 25043
 25360 25677 25994 26311 26628 26945 27262 27579 27896 28213 28530 28847
 29164 29481 29798 30115 30432 30749 31066 31383 31700 32017 32334 32651
 32968 33285 33602 33919 34236 34553 34870 35187 35504 35821 36138 36455
 36772 37089 37406 37723 38040 38357 38674 38991 39308 39625 39942 40259
 40576 40893 41210 41527 41844 42161 42478 42795 43112 43429 43746 44063
 44380 44697 45014 45331 45648 45965 46282 46599 46916 47233 47550 47867
 48184 48501 48818 49135 49452 49769 50086 50403 50720]
A: 1900
P: 529
N: 294
----------
----------
Instancia 8
D_i: [ 297  308  319  330  341  352  363  374  385  396  407  418  429  440
  451  462  473  484  495  506  517  528  539  550  561  572  583  594
  605  616  627  638  649  660  671  682  693  704  715  726  737  748
  759  770  781  792  803  814  825  836  847  858  869  880  891  902
  913  924  935  946  957  968  979  990 1001 1012 1023 1034 1045 1056
 1067 1078 1089 1100 1111 1122 1133 1144 1155 1166 1177 1188 1199 1210
 1221 1232 1243 1254 1265 1276 1287 1298 1309 1320 1331 1342 1353 1364
 1375 1386 1397 1408 1419 1430 1441 1452 1463 1474 1485 1496 1507 1518
 1529 1540 1551 1562 1573 1584 1595 1606 1617 1628 1639 1650 1661 1672
 1683 1694 1705 1716 1727 1738 1749 1760 1771 1782 1793 1804 1815 1826
 1837 1848 1859 1870 1881 1892 1903 1914 1925 1936 1947 1958 1969 1980
 1991 2002 2013 2024 2035 2046 2057 2068 2079 2090 2101 2112 2123 2134
 2145]
C_i: [ 3915  4060  4205  4350  4495  4640  4785  4930  5075  5220  5365  5510
  5655  5800  5945  6090  6235  6380  6525  6670  6815  6960  7105  7250
  7395  7540  7685  7830  7975  8120  8265  8410  8555  8700  8845  8990
  9135  9280  9425  9570  9715  9860 10005 10150 10295 10440 10585 10730
 10875 11020 11165 11310 11455 11600 11745 11890 12035 12180 12325 12470
 12615 12760 12905 13050 13195 13340 13485 13630 13775 13920 14065 14210
 14355 14500 14645 14790 14935 15080 15225 15370 15515 15660 15805 15950
 16095 16240 16385 16530 16675 16820 16965 17110 17255 17400 17545 17690
 17835 17980 18125 18270 18415 18560 18705 18850 18995 19140 19285 19430
 19575 19720 19865 20010 20155 20300 20445 20590 20735 20880 21025 21170
 21315 21460 21605 21750 21895 22040 22185 22330 22475 22620 22765 22910
 23055 23200 23345 23490 23635 23780 23925 24070 24215 24360 24505 24650
 24795 24940 25085 25230 25375 25520 25665 25810 25955 26100 26245 26390
 26535 26680 26825 26970 27115 27260 27405 27550 27695 27840 27985 28130
 28275]
K_i: [ 18063  18732  19401  20070  20739  21408  22077  22746  23415  24084
  24753  25422  26091  26760  27429  28098  28767  29436  30105  30774
  31443  32112  32781  33450  34119  34788  35457  36126  36795  37464
  38133  38802  39471  40140  40809  41478  42147  42816  43485  44154
  44823  45492  46161  46830  47499  48168  48837  49506  50175  50844
  51513  52182  52851  53520  54189  54858  55527  56196  56865  57534
  58203  58872  59541  60210  60879  61548  62217  62886  63555  64224
  64893  65562  66231  66900  67569  68238  68907  69576  70245  70914
  71583  72252  72921  73590  74259  74928  75597  76266  76935  77604
  78273  78942  79611  80280  80949  81618  82287  82956  83625  84294
  84963  85632  86301  86970  87639  88308  88977  89646  90315  90984
  91653  92322  92991  93660  94329  94998  95667  96336  97005  97674
  98343  99012  99681 100350 101019 101688 102357 103026 103695 104364
 105033 105702 106371 107040 107709 108378 109047 109716 110385 111054
 111723 112392 113061 113730 114399 115068 115737 116406 117075 117744
 118413 119082 119751 120420 121089 121758 122427 123096 123765 124434
 125103 125772 126441 127110 127779 128448 129117 129786 130455]
A: 1904
P: 915
N: 683
----------
----------
Instancia 9
D_i: [  66   77   88   99  110  121  132  143  154  165  176  187  198  209
  220  231  242  253  264  275  286  297  308  319  330  341  352  363
  374  385  396  407  418  429  440  451  462  473  484  495  506  517
  528  539  550  561  572  583  594  605  616  627  638  649  660  671
  682  693  704  715  726  737  748  759  770  781  792  803  814  825
  836  847  858  869  880  891  902  913  924  935  946  957  968  979
  990 1001 1012 1023 1034 1045 1056 1067 1078 1089 1100 1111 1122 1133
 1144 1155 1166 1177 1188 1199 1210 1221 1232 1243 1254 1265 1276 1287
 1298 1309 1320 1331 1342 1353 1364 1375 1386 1397 1408 1419 1430 1441
 1452 1463 1474 1485 1496 1507 1518 1529 1540 1551 1562 1573 1584 1595
 1606 1617 1628 1639 1650 1661 1672 1683 1694 1705 1716 1727 1738 1749
 1760 1771 1782 1793 1804 1815 1826 1837 1848 1859 1870 1881 1892 1903
 1914 1925 1936 1947 1958 1969 1980 1991 2002 2013 2024 2035 2046 2057
 2068 2079 2090 2101]
C_i: [ 2358  2751  3144  3537  3930  4323  4716  5109  5502  5895  6288  6681
  7074  7467  7860  8253  8646  9039  9432  9825 10218 10611 11004 11397
 11790 12183 12576 12969 13362 13755 14148 14541 14934 15327 15720 16113
 16506 16899 17292 17685 18078 18471 18864 19257 19650 20043 20436 20829
 21222 21615 22008 22401 22794 23187 23580 23973 24366 24759 25152 25545
 25938 26331 26724 27117 27510 27903 28296 28689 29082 29475 29868 30261
 30654 31047 31440 31833 32226 32619 33012 33405 33798 34191 34584 34977
 35370 35763 36156 36549 36942 37335 37728 38121 38514 38907 39300 39693
 40086 40479 40872 41265 41658 42051 42444 42837 43230 43623 44016 44409
 44802 45195 45588 45981 46374 46767 47160 47553 47946 48339 48732 49125
 49518 49911 50304 50697 51090 51483 51876 52269 52662 53055 53448 53841
 54234 54627 55020 55413 55806 56199 56592 56985 57378 57771 58164 58557
 58950 59343 59736 60129 60522 60915 61308 61701 62094 62487 62880 63273
 63666 64059 64452 64845 65238 65631 66024 66417 66810 67203 67596 67989
 68382 68775 69168 69561 69954 70347 70740 71133 71526 71919 72312 72705
 73098 73491 73884 74277 74670 75063]
K_i: [  3876   4522   5168   5814   6460   7106   7752   8398   9044   9690
  10336  10982  11628  12274  12920  13566  14212  14858  15504  16150
  16796  17442  18088  18734  19380  20026  20672  21318  21964  22610
  23256  23902  24548  25194  25840  26486  27132  27778  28424  29070
  29716  30362  31008  31654  32300  32946  33592  34238  34884  35530
  36176  36822  37468  38114  38760  39406  40052  40698  41344  41990
  42636  43282  43928  44574  45220  45866  46512  47158  47804  48450
  49096  49742  50388  51034  51680  52326  52972  53618  54264  54910
  55556  56202  56848  57494  58140  58786  59432  60078  60724  61370
  62016  62662  63308  63954  64600  65246  65892  66538  67184  67830
  68476  69122  69768  70414  71060  71706  72352  72998  73644  74290
  74936  75582  76228  76874  77520  78166  78812  79458  80104  80750
  81396  82042  82688  83334  83980  84626  85272  85918  86564  87210
  87856  88502  89148  89794  90440  91086  91732  92378  93024  93670
  94316  94962  95608  96254  96900  97546  98192  98838  99484 100130
 100776 101422 102068 102714 103360 104006 104652 105298 105944 106590
 107236 107882 108528 109174 109820 110466 111112 111758 112404 113050
 113696 114342 114988 115634 116280 116926 117572 118218 118864 119510
 120156 120802 121448 122094 122740 123386]
A: 1078
P: 261
N: 756
----------
----------
Instancia 10
D_i: [ 234  240  246  252  258  264  270  276  282  288  294  300  306  312
  318  324  330  336  342  348  354  360  366  372  378  384  390  396
  402  408  414  420  426  432  438  444  450  456  462  468  474  480
  486  492  498  504  510  516  522  528  534  540  546  552  558  564
  570  576  582  588  594  600  606  612  618  624  630  636  642  648
  654  660  666  672  678  684  690  696  702  708  714  720  726  732
  738  744  750  756  762  768  774  780  786  792  798  804  810  816
  822  828  834  840  846  852  858  864  870  876  882  888  894  900
  906  912  918  924  930  936  942  948  954  960  966  972  978  984
  990  996 1002 1008 1014 1020 1026 1032 1038 1044 1050 1056 1062 1068
 1074 1080 1086 1092 1098 1104 1110 1116 1122 1128 1134 1140 1146 1152
 1158 1164 1170 1176 1182 1188 1194 1200 1206 1212 1218 1224 1230 1236
 1242 1248 1254 1260 1266 1272 1278 1284 1290 1296 1302 1308 1314 1320
 1326 1332 1338 1344 1350 1356 1362 1368 1374 1380 1386 1392 1398 1404
 1410 1416]
C_i: [ 37011  37960  38909  39858  40807  41756  42705  43654  44603  45552
  46501  47450  48399  49348  50297  51246  52195  53144  54093  55042
  55991  56940  57889  58838  59787  60736  61685  62634  63583  64532
  65481  66430  67379  68328  69277  70226  71175  72124  73073  74022
  74971  75920  76869  77818  78767  79716  80665  81614  82563  83512
  84461  85410  86359  87308  88257  89206  90155  91104  92053  93002
  93951  94900  95849  96798  97747  98696  99645 100594 101543 102492
 103441 104390 105339 106288 107237 108186 109135 110084 111033 111982
 112931 113880 114829 115778 116727 117676 118625 119574 120523 121472
 122421 123370 124319 125268 126217 127166 128115 129064 130013 130962
 131911 132860 133809 134758 135707 136656 137605 138554 139503 140452
 141401 142350 143299 144248 145197 146146 147095 148044 148993 149942
 150891 151840 152789 153738 154687 155636 156585 157534 158483 159432
 160381 161330 162279 163228 164177 165126 166075 167024 167973 168922
 169871 170820 171769 172718 173667 174616 175565 176514 177463 178412
 179361 180310 181259 182208 183157 184106 185055 186004 186953 187902
 188851 189800 190749 191698 192647 193596 194545 195494 196443 197392
 198341 199290 200239 201188 202137 203086 204035 204984 205933 206882
 207831 208780 209729 210678 211627 212576 213525 214474 215423 216372
 217321 218270 219219 220168 221117 222066 223015 223964]
K_i: [ 4641  4760  4879  4998  5117  5236  5355  5474  5593  5712  5831  5950
  6069  6188  6307  6426  6545  6664  6783  6902  7021  7140  7259  7378
  7497  7616  7735  7854  7973  8092  8211  8330  8449  8568  8687  8806
  8925  9044  9163  9282  9401  9520  9639  9758  9877  9996 10115 10234
 10353 10472 10591 10710 10829 10948 11067 11186 11305 11424 11543 11662
 11781 11900 12019 12138 12257 12376 12495 12614 12733 12852 12971 13090
 13209 13328 13447 13566 13685 13804 13923 14042 14161 14280 14399 14518
 14637 14756 14875 14994 15113 15232 15351 15470 15589 15708 15827 15946
 16065 16184 16303 16422 16541 16660 16779 16898 17017 17136 17255 17374
 17493 17612 17731 17850 17969 18088 18207 18326 18445 18564 18683 18802
 18921 19040 19159 19278 19397 19516 19635 19754 19873 19992 20111 20230
 20349 20468 20587 20706 20825 20944 21063 21182 21301 21420 21539 21658
 21777 21896 22015 22134 22253 22372 22491 22610 22729 22848 22967 23086
 23205 23324 23443 23562 23681 23800 23919 24038 24157 24276 24395 24514
 24633 24752 24871 24990 25109 25228 25347 25466 25585 25704 25823 25942
 26061 26180 26299 26418 26537 26656 26775 26894 27013 27132 27251 27370
 27489 27608 27727 27846 27965 28084]
A: 1494
P: 533
N: 943
----------
----------
Instancia 11
D_i: [  45   48   51   54   57   60   63   66   69   72   75   78   81   84
   87   90   93   96   99  102  105  108  111  114  117  120  123  126
  129  132  135  138  141  144  147  150  153  156  159  162  165  168
  171  174  177  180  183  186  189  192  195  198  201  204  207  210
  213  216  219  222  225  228  231  234  237  240  243  246  249  252
  255  258  261  264  267  270  273  276  279  282  285  288  291  294
  297  300  303  306  309  312  315  318  321  324  327  330  333  336
  339  342  345  348  351  354  357  360  363  366  369  372  375  378
  381  384  387  390  393  396  399  402  405  408  411  414  417  420
  423  426  429  432  435  438  441  444  447  450  453  456  459  462
  465  468  471  474  477  480  483  486  489  492  495  498  501  504
  507  510  513  516  519  522  525  528  531  534  537  540  543  546
  549  552  555  558  561  564  567  570  573  576  579  582  585  588
  591  594  597  600  603  606  609  612  615  618  621  624  627  630
  633  636  639  642  645  648  651  654  657  660  663  666  669  672
  675  678  681  684  687  690  693  696  699  702  705  708  711  714
  717  720  723  726  729  732  735  738  741  744  747  750  753  756
  759  762  765  768  771  774  777  780  783  786  789  792  795  798
  801  804  807  810  813  816  819  822  825  828  831  834  837  840
  843  846  849  852  855  858  861  864  867  870  873  876  879  882
  885  888  891  894  897  900  903  906  909  912  915  918  921  924
  927  930  933  936  939  942  945  948  951  954  957  960  963  966
  969  972  975  978  981  984  987  990  993  996  999 1002 1005 1008
 1011 1014 1017 1020 1023 1026 1029 1032 1035 1038 1041 1044 1047 1050
 1053 1056 1059 1062 1065 1068 1071 1074 1077 1080 1083 1086 1089 1092
 1095 1098 1101 1104 1107 1110 1113 1116 1119 1122 1125 1128 1131 1134
 1137 1140 1143 1146 1149 1152 1155 1158 1161 1164 1167 1170 1173 1176
 1179 1182 1185 1188 1191 1194 1197 1200 1203 1206 1209 1212 1215 1218
 1221 1224 1227 1230 1233 1236 1239 1242 1245 1248 1251 1254 1257 1260
 1263 1266 1269 1272 1275 1278 1281 1284 1287 1290 1293 1296 1299 1302
 1305 1308 1311 1314 1317 1320 1323 1326 1329 1332 1335 1338 1341 1344
 1347 1350 1353 1356 1359 1362 1365 1368 1371 1374 1377 1380 1383 1386
 1389 1392 1395 1398 1401 1404 1407 1410 1413 1416 1419 1422 1425 1428
 1431 1434 1437 1440 1443 1446]
C_i: [ 10845  11568  12291  13014  13737  14460  15183  15906  16629  17352
  18075  18798  19521  20244  20967  21690  22413  23136  23859  24582
  25305  26028  26751  27474  28197  28920  29643  30366  31089  31812
  32535  33258  33981  34704  35427  36150  36873  37596  38319  39042
  39765  40488  41211  41934  42657  43380  44103  44826  45549  46272
  46995  47718  48441  49164  49887  50610  51333  52056  52779  53502
  54225  54948  55671  56394  57117  57840  58563  59286  60009  60732
  61455  62178  62901  63624  64347  65070  65793  66516  67239  67962
  68685  69408  70131  70854  71577  72300  73023  73746  74469  75192
  75915  76638  77361  78084  78807  79530  80253  80976  81699  82422
  83145  83868  84591  85314  86037  86760  87483  88206  88929  89652
  90375  91098  91821  92544  93267  93990  94713  95436  96159  96882
  97605  98328  99051  99774 100497 101220 101943 102666 103389 104112
 104835 105558 106281 107004 107727 108450 109173 109896 110619 111342
 112065 112788 113511 114234 114957 115680 116403 117126 117849 118572
 119295 120018 120741 121464 122187 122910 123633 124356 125079 125802
 126525 127248 127971 128694 129417 130140 130863 131586 132309 133032
 133755 134478 135201 135924 136647 137370 138093 138816 139539 140262
 140985 141708 142431 143154 143877 144600 145323 146046 146769 147492
 148215 148938 149661 150384 151107 151830 152553 153276 153999 154722
 155445 156168 156891 157614 158337 159060 159783 160506 161229 161952
 162675 163398 164121 164844 165567 166290 167013 167736 168459 169182
 169905 170628 171351 172074 172797 173520 174243 174966 175689 176412
 177135 177858 178581 179304 180027 180750 181473 182196 182919 183642
 184365 185088 185811 186534 187257 187980 188703 189426 190149 190872
 191595 192318 193041 193764 194487 195210 195933 196656 197379 198102
 198825 199548 200271 200994 201717 202440 203163 203886 204609 205332
 206055 206778 207501 208224 208947 209670 210393 211116 211839 212562
 213285 214008 214731 215454 216177 216900 217623 218346 219069 219792
 220515 221238 221961 222684 223407 224130 224853 225576 226299 227022
 227745 228468 229191 229914 230637 231360 232083 232806 233529 234252
 234975 235698 236421 237144 237867 238590 239313 240036 240759 241482
 242205 242928 243651 244374 245097 245820 246543 247266 247989 248712
 249435 250158 250881 251604 252327 253050 253773 254496 255219 255942
 256665 257388 258111 258834 259557 260280 261003 261726 262449 263172
 263895 264618 265341 266064 266787 267510 268233 268956 269679 270402
 271125 271848 272571 273294 274017 274740 275463 276186 276909 277632
 278355 279078 279801 280524 281247 281970 282693 283416 284139 284862
 285585 286308 287031 287754 288477 289200 289923 290646 291369 292092
 292815 293538 294261 294984 295707 296430 297153 297876 298599 299322
 300045 300768 301491 302214 302937 303660 304383 305106 305829 306552
 307275 307998 308721 309444 310167 310890 311613 312336 313059 313782
 314505 315228 315951 316674 317397 318120 318843 319566 320289 321012
 321735 322458 323181 323904 324627 325350 326073 326796 327519 328242
 328965 329688 330411 331134 331857 332580 333303 334026 334749 335472
 336195 336918 337641 338364 339087 339810 340533 341256 341979 342702
 343425 344148 344871 345594 346317 347040 347763 348486]
K_i: [  7410   7904   8398   8892   9386   9880  10374  10868  11362  11856
  12350  12844  13338  13832  14326  14820  15314  15808  16302  16796
  17290  17784  18278  18772  19266  19760  20254  20748  21242  21736
  22230  22724  23218  23712  24206  24700  25194  25688  26182  26676
  27170  27664  28158  28652  29146  29640  30134  30628  31122  31616
  32110  32604  33098  33592  34086  34580  35074  35568  36062  36556
  37050  37544  38038  38532  39026  39520  40014  40508  41002  41496
  41990  42484  42978  43472  43966  44460  44954  45448  45942  46436
  46930  47424  47918  48412  48906  49400  49894  50388  50882  51376
  51870  52364  52858  53352  53846  54340  54834  55328  55822  56316
  56810  57304  57798  58292  58786  59280  59774  60268  60762  61256
  61750  62244  62738  63232  63726  64220  64714  65208  65702  66196
  66690  67184  67678  68172  68666  69160  69654  70148  70642  71136
  71630  72124  72618  73112  73606  74100  74594  75088  75582  76076
  76570  77064  77558  78052  78546  79040  79534  80028  80522  81016
  81510  82004  82498  82992  83486  83980  84474  84968  85462  85956
  86450  86944  87438  87932  88426  88920  89414  89908  90402  90896
  91390  91884  92378  92872  93366  93860  94354  94848  95342  95836
  96330  96824  97318  97812  98306  98800  99294  99788 100282 100776
 101270 101764 102258 102752 103246 103740 104234 104728 105222 105716
 106210 106704 107198 107692 108186 108680 109174 109668 110162 110656
 111150 111644 112138 112632 113126 113620 114114 114608 115102 115596
 116090 116584 117078 117572 118066 118560 119054 119548 120042 120536
 121030 121524 122018 122512 123006 123500 123994 124488 124982 125476
 125970 126464 126958 127452 127946 128440 128934 129428 129922 130416
 130910 131404 131898 132392 132886 133380 133874 134368 134862 135356
 135850 136344 136838 137332 137826 138320 138814 139308 139802 140296
 140790 141284 141778 142272 142766 143260 143754 144248 144742 145236
 145730 146224 146718 147212 147706 148200 148694 149188 149682 150176
 150670 151164 151658 152152 152646 153140 153634 154128 154622 155116
 155610 156104 156598 157092 157586 158080 158574 159068 159562 160056
 160550 161044 161538 162032 162526 163020 163514 164008 164502 164996
 165490 165984 166478 166972 167466 167960 168454 168948 169442 169936
 170430 170924 171418 171912 172406 172900 173394 173888 174382 174876
 175370 175864 176358 176852 177346 177840 178334 178828 179322 179816
 180310 180804 181298 181792 182286 182780 183274 183768 184262 184756
 185250 185744 186238 186732 187226 187720 188214 188708 189202 189696
 190190 190684 191178 191672 192166 192660 193154 193648 194142 194636
 195130 195624 196118 196612 197106 197600 198094 198588 199082 199576
 200070 200564 201058 201552 202046 202540 203034 203528 204022 204516
 205010 205504 205998 206492 206986 207480 207974 208468 208962 209456
 209950 210444 210938 211432 211926 212420 212914 213408 213902 214396
 214890 215384 215878 216372 216866 217360 217854 218348 218842 219336
 219830 220324 220818 221312 221806 222300 222794 223288 223782 224276
 224770 225264 225758 226252 226746 227240 227734 228228 228722 229216
 229710 230204 230698 231192 231686 232180 232674 233168 233662 234156
 234650 235144 235638 236132 236626 237120 237614 238108]
A: 1017
P: 658
N: 893
----------
----------
Instancia 12
D_i: [  39   42   45   48   51   54   57   60   63   66   69   72   75   78
   81   84   87   90   93   96   99  102  105  108  111  114  117  120
  123  126  129  132  135  138  141  144  147  150  153  156  159  162
  165  168  171  174  177  180  183  186  189  192  195  198  201  204
  207  210  213  216  219  222  225  228  231  234  237  240  243  246
  249  252  255  258  261  264  267  270  273  276  279  282  285  288
  291  294  297  300  303  306  309  312  315  318  321  324  327  330
  333  336  339  342  345  348  351  354  357  360  363  366  369  372
  375  378  381  384  387  390  393  396  399  402  405  408  411  414
  417  420  423  426  429  432  435  438  441  444  447  450  453  456
  459  462  465  468  471  474  477  480  483  486  489  492  495  498
  501  504  507  510  513  516  519  522  525  528  531  534  537  540
  543  546  549  552  555  558  561  564  567  570  573  576  579  582
  585  588  591  594  597  600  603  606  609  612  615  618  621  624
  627  630  633  636  639  642  645  648  651  654  657  660  663  666
  669  672  675  678  681  684  687  690  693  696  699  702  705  708
  711  714  717  720  723  726  729  732  735  738  741  744  747  750
  753  756  759  762  765  768  771  774  777  780  783  786  789  792
  795  798  801  804  807  810  813  816  819  822  825  828  831  834
  837  840  843  846  849  852  855  858  861  864  867  870  873  876
  879  882  885  888  891  894  897  900  903  906  909  912  915  918
  921  924  927  930  933  936  939  942  945  948  951  954  957  960
  963  966  969  972  975  978  981  984  987  990  993  996  999 1002
 1005 1008 1011 1014 1017 1020 1023 1026 1029 1032 1035 1038 1041 1044
 1047 1050 1053 1056 1059 1062 1065 1068 1071 1074 1077 1080 1083 1086
 1089 1092 1095 1098 1101 1104 1107 1110 1113 1116 1119 1122 1125 1128
 1131 1134 1137 1140 1143 1146 1149 1152 1155 1158 1161 1164 1167 1170
 1173 1176 1179 1182 1185 1188 1191 1194 1197 1200 1203 1206 1209 1212
 1215 1218 1221 1224 1227 1230 1233 1236 1239 1242 1245 1248 1251 1254
 1257 1260 1263 1266 1269 1272 1275 1278 1281 1284 1287 1290 1293 1296
 1299 1302 1305 1308 1311 1314 1317 1320 1323 1326 1329 1332 1335 1338
 1341 1344 1347 1350 1353 1356 1359 1362 1365 1368 1371 1374 1377 1380
 1383 1386 1389 1392 1395 1398 1401 1404 1407 1410 1413 1416 1419 1422
 1425 1428 1431 1434 1437 1440 1443 1446 1449 1452 1455 1458 1461 1464
 1467 1470 1473 1476 1479 1482 1485 1488 1491 1494 1497 1500 1503 1506
 1509 1512 1515 1518 1521 1524 1527 1530 1533 1536 1539 1542 1545 1548
 1551 1554 1557 1560 1563 1566 1569 1572 1575 1578 1581 1584 1587 1590
 1593 1596 1599 1602 1605 1608 1611 1614 1617 1620 1623 1626 1629 1632
 1635 1638 1641 1644 1647 1650 1653 1656 1659 1662 1665 1668 1671 1674
 1677 1680 1683 1686 1689 1692 1695 1698 1701 1704 1707 1710 1713 1716
 1719 1722 1725 1728 1731 1734 1737 1740 1743 1746 1749 1752 1755 1758
 1761 1764 1767 1770 1773 1776 1779 1782 1785 1788 1791 1794 1797 1800
 1803 1806 1809 1812 1815 1818 1821 1824 1827 1830 1833 1836 1839 1842
 1845 1848 1851 1854 1857 1860 1863 1866 1869 1872 1875 1878 1881]
C_i: [ 12948  13944  14940  15936  16932  17928  18924  19920  20916  21912
  22908  23904  24900  25896  26892  27888  28884  29880  30876  31872
  32868  33864  34860  35856  36852  37848  38844  39840  40836  41832
  42828  43824  44820  45816  46812  47808  48804  49800  50796  51792
  52788  53784  54780  55776  56772  57768  58764  59760  60756  61752
  62748  63744  64740  65736  66732  67728  68724  69720  70716  71712
  72708  73704  74700  75696  76692  77688  78684  79680  80676  81672
  82668  83664  84660  85656  86652  87648  88644  89640  90636  91632
  92628  93624  94620  95616  96612  97608  98604  99600 100596 101592
 102588 103584 104580 105576 106572 107568 108564 109560 110556 111552
 112548 113544 114540 115536 116532 117528 118524 119520 120516 121512
 122508 123504 124500 125496 126492 127488 128484 129480 130476 131472
 132468 133464 134460 135456 136452 137448 138444 139440 140436 141432
 142428 143424 144420 145416 146412 147408 148404 149400 150396 151392
 152388 153384 154380 155376 156372 157368 158364 159360 160356 161352
 162348 163344 164340 165336 166332 167328 168324 169320 170316 171312
 172308 173304 174300 175296 176292 177288 178284 179280 180276 181272
 182268 183264 184260 185256 186252 187248 188244 189240 190236 191232
 192228 193224 194220 195216 196212 197208 198204 199200 200196 201192
 202188 203184 204180 205176 206172 207168 208164 209160 210156 211152
 212148 213144 214140 215136 216132 217128 218124 219120 220116 221112
 222108 223104 224100 225096 226092 227088 228084 229080 230076 231072
 232068 233064 234060 235056 236052 237048 238044 239040 240036 241032
 242028 243024 244020 245016 246012 247008 248004 249000 249996 250992
 251988 252984 253980 254976 255972 256968 257964 258960 259956 260952
 261948 262944 263940 264936 265932 266928 267924 268920 269916 270912
 271908 272904 273900 274896 275892 276888 277884 278880 279876 280872
 281868 282864 283860 284856 285852 286848 287844 288840 289836 290832
 291828 292824 293820 294816 295812 296808 297804 298800 299796 300792
 301788 302784 303780 304776 305772 306768 307764 308760 309756 310752
 311748 312744 313740 314736 315732 316728 317724 318720 319716 320712
 321708 322704 323700 324696 325692 326688 327684 328680 329676 330672
 331668 332664 333660 334656 335652 336648 337644 338640 339636 340632
 341628 342624 343620 344616 345612 346608 347604 348600 349596 350592
 351588 352584 353580 354576 355572 356568 357564 358560 359556 360552
 361548 362544 363540 364536 365532 366528 367524 368520 369516 370512
 371508 372504 373500 374496 375492 376488 377484 378480 379476 380472
 381468 382464 383460 384456 385452 386448 387444 388440 389436 390432
 391428 392424 393420 394416 395412 396408 397404 398400 399396 400392
 401388 402384 403380 404376 405372 406368 407364 408360 409356 410352
 411348 412344 413340 414336 415332 416328 417324 418320 419316 420312
 421308 422304 423300 424296 425292 426288 427284 428280 429276 430272
 431268 432264 433260 434256 435252 436248 437244 438240 439236 440232
 441228 442224 443220 444216 445212 446208 447204 448200 449196 450192
 451188 452184 453180 454176 455172 456168 457164 458160 459156 460152
 461148 462144 463140 464136 465132 466128 467124 468120 469116 470112
 471108 472104 473100 474096 475092 476088 477084 478080 479076 480072
 481068 482064 483060 484056 485052 486048 487044 488040 489036 490032
 491028 492024 493020 494016 495012 496008 497004 498000 498996 499992
 500988 501984 502980 503976 504972 505968 506964 507960 508956 509952
 510948 511944 512940 513936 514932 515928 516924 517920 518916 519912
 520908 521904 522900 523896 524892 525888 526884 527880 528876 529872
 530868 531864 532860 533856 534852 535848 536844 537840 538836 539832
 540828 541824 542820 543816 544812 545808 546804 547800 548796 549792
 550788 551784 552780 553776 554772 555768 556764 557760 558756 559752
 560748 561744 562740 563736 564732 565728 566724 567720 568716 569712
 570708 571704 572700 573696 574692 575688 576684 577680 578676 579672
 580668 581664 582660 583656 584652 585648 586644 587640 588636 589632
 590628 591624 592620 593616 594612 595608 596604 597600 598596 599592
 600588 601584 602580 603576 604572 605568 606564 607560 608556 609552
 610548 611544 612540 613536 614532 615528 616524 617520 618516 619512
 620508 621504 622500 623496 624492]
K_i: [  2834   3052   3270   3488   3706   3924   4142   4360   4578   4796
   5014   5232   5450   5668   5886   6104   6322   6540   6758   6976
   7194   7412   7630   7848   8066   8284   8502   8720   8938   9156
   9374   9592   9810  10028  10246  10464  10682  10900  11118  11336
  11554  11772  11990  12208  12426  12644  12862  13080  13298  13516
  13734  13952  14170  14388  14606  14824  15042  15260  15478  15696
  15914  16132  16350  16568  16786  17004  17222  17440  17658  17876
  18094  18312  18530  18748  18966  19184  19402  19620  19838  20056
  20274  20492  20710  20928  21146  21364  21582  21800  22018  22236
  22454  22672  22890  23108  23326  23544  23762  23980  24198  24416
  24634  24852  25070  25288  25506  25724  25942  26160  26378  26596
  26814  27032  27250  27468  27686  27904  28122  28340  28558  28776
  28994  29212  29430  29648  29866  30084  30302  30520  30738  30956
  31174  31392  31610  31828  32046  32264  32482  32700  32918  33136
  33354  33572  33790  34008  34226  34444  34662  34880  35098  35316
  35534  35752  35970  36188  36406  36624  36842  37060  37278  37496
  37714  37932  38150  38368  38586  38804  39022  39240  39458  39676
  39894  40112  40330  40548  40766  40984  41202  41420  41638  41856
  42074  42292  42510  42728  42946  43164  43382  43600  43818  44036
  44254  44472  44690  44908  45126  45344  45562  45780  45998  46216
  46434  46652  46870  47088  47306  47524  47742  47960  48178  48396
  48614  48832  49050  49268  49486  49704  49922  50140  50358  50576
  50794  51012  51230  51448  51666  51884  52102  52320  52538  52756
  52974  53192  53410  53628  53846  54064  54282  54500  54718  54936
  55154  55372  55590  55808  56026  56244  56462  56680  56898  57116
  57334  57552  57770  57988  58206  58424  58642  58860  59078  59296
  59514  59732  59950  60168  60386  60604  60822  61040  61258  61476
  61694  61912  62130  62348  62566  62784  63002  63220  63438  63656
  63874  64092  64310  64528  64746  64964  65182  65400  65618  65836
  66054  66272  66490  66708  66926  67144  67362  67580  67798  68016
  68234  68452  68670  68888  69106  69324  69542  69760  69978  70196
  70414  70632  70850  71068  71286  71504  71722  71940  72158  72376
  72594  72812  73030  73248  73466  73684  73902  74120  74338  74556
  74774  74992  75210  75428  75646  75864  76082  76300  76518  76736
  76954  77172  77390  77608  77826  78044  78262  78480  78698  78916
  79134  79352  79570  79788  80006  80224  80442  80660  80878  81096
  81314  81532  81750  81968  82186  82404  82622  82840  83058  83276
  83494  83712  83930  84148  84366  84584  84802  85020  85238  85456
  85674  85892  86110  86328  86546  86764  86982  87200  87418  87636
  87854  88072  88290  88508  88726  88944  89162  89380  89598  89816
  90034  90252  90470  90688  90906  91124  91342  91560  91778  91996
  92214  92432  92650  92868  93086  93304  93522  93740  93958  94176
  94394  94612  94830  95048  95266  95484  95702  95920  96138  96356
  96574  96792  97010  97228  97446  97664  97882  98100  98318  98536
  98754  98972  99190  99408  99626  99844 100062 100280 100498 100716
 100934 101152 101370 101588 101806 102024 102242 102460 102678 102896
 103114 103332 103550 103768 103986 104204 104422 104640 104858 105076
 105294 105512 105730 105948 106166 106384 106602 106820 107038 107256
 107474 107692 107910 108128 108346 108564 108782 109000 109218 109436
 109654 109872 110090 110308 110526 110744 110962 111180 111398 111616
 111834 112052 112270 112488 112706 112924 113142 113360 113578 113796
 114014 114232 114450 114668 114886 115104 115322 115540 115758 115976
 116194 116412 116630 116848 117066 117284 117502 117720 117938 118156
 118374 118592 118810 119028 119246 119464 119682 119900 120118 120336
 120554 120772 120990 121208 121426 121644 121862 122080 122298 122516
 122734 122952 123170 123388 123606 123824 124042 124260 124478 124696
 124914 125132 125350 125568 125786 126004 126222 126440 126658 126876
 127094 127312 127530 127748 127966 128184 128402 128620 128838 129056
 129274 129492 129710 129928 130146 130364 130582 130800 131018 131236
 131454 131672 131890 132108 132326 132544 132762 132980 133198 133416
 133634 133852 134070 134288 134506 134724 134942 135160 135378 135596
 135814 136032 136250 136468 136686]
A: 1680
P: 158
N: 831
----------
----------
Instancia 13
D_i: [ 77  78  79  80  81  82  83  84  85  86  87  88  89  90  91  92  93  94
  95  96  97  98  99 100 101 102 103 104 105 106 107 108 109 110 111 112
 113 114 115 116 117 118 119 120 121 122 123 124 125 126 127 128 129 130
 131 132 133 134 135 136 137 138 139 140 141 142 143 144 145 146 147 148
 149 150 151 152 153 154 155 156 157 158 159 160 161 162 163 164 165 166
 167 168 169 170 171 172 173 174 175 176 177 178 179 180 181 182 183 184
 185 186 187 188 189 190 191 192 193 194 195 196 197 198 199 200 201 202
 203 204 205 206 207 208 209 210 211 212 213 214 215 216 217 218 219 220
 221 222 223 224 225 226 227 228 229 230 231 232 233 234 235 236 237 238
 239 240 241 242 243 244 245 246 247 248 249 250 251 252 253 254 255 256
 257 258 259 260 261 262 263 264 265 266 267 268 269 270 271 272 273 274
 275 276 277 278 279 280 281 282 283 284 285 286 287 288 289 290 291 292
 293 294 295 296 297 298 299 300 301 302 303 304 305 306 307 308 309 310
 311 312 313 314 315 316 317 318 319 320 321 322 323 324 325 326 327 328
 329 330 331 332 333 334 335 336 337 338 339 340 341 342 343 344 345 346
 347 348 349 350 351 352 353 354 355 356 357 358 359 360 361 362 363 364
 365 366 367 368 369 370 371 372 373 374 375 376 377 378 379 380 381 382
 383 384 385 386 387 388 389 390 391 392 393 394 395 396 397 398 399 400
 401 402 403 404 405 406 407 408 409 410 411 412 413 414 415 416 417 418
 419 420 421 422 423 424 425 426 427 428 429 430 431 432 433 434 435 436
 437 438 439 440 441 442 443 444 445 446 447 448 449 450 451 452 453 454
 455 456 457 458 459 460 461 462 463 464 465 466 467 468 469 470 471 472
 473 474 475 476 477 478 479 480 481 482 483 484 485 486 487 488 489 490
 491 492 493 494 495 496 497 498 499 500 501 502 503 504 505 506 507 508
 509 510 511 512 513 514 515 516 517 518 519 520 521 522 523 524 525 526
 527 528 529 530 531 532 533 534 535 536 537 538 539 540 541 542 543 544
 545 546 547 548 549 550 551 552 553 554 555 556 557 558 559 560 561 562
 563 564 565 566 567 568 569 570 571 572 573 574 575 576 577 578 579 580
 581 582 583 584 585 586 587 588 589 590 591 592 593 594 595 596 597 598
 599 600 601 602 603 604 605 606 607 608 609 610 611 612 613 614 615 616
 617 618 619 620 621 622 623 624 625 626 627 628 629 630 631 632 633 634
 635 636 637 638 639 640 641 642 643 644 645 646 647 648 649 650 651 652
 653 654 655 656 657 658 659 660 661 662 663 664 665 666 667 668 669 670
 671 672 673 674 675 676 677 678 679 680 681 682 683 684 685 686 687 688
 689 690 691 692 693 694 695 696 697 698 699 700 701 702 703 704 705 706
 707 708 709 710 711 712 713 714 715 716 717]
C_i: [ 24332  24648  24964  25280  25596  25912  26228  26544  26860  27176
  27492  27808  28124  28440  28756  29072  29388  29704  30020  30336
  30652  30968  31284  31600  31916  32232  32548  32864  33180  33496
  33812  34128  34444  34760  35076  35392  35708  36024  36340  36656
  36972  37288  37604  37920  38236  38552  38868  39184  39500  39816
  40132  40448  40764  41080  41396  41712  42028  42344  42660  42976
  43292  43608  43924  44240  44556  44872  45188  45504  45820  46136
  46452  46768  47084  47400  47716  48032  48348  48664  48980  49296
  49612  49928  50244  50560  50876  51192  51508  51824  52140  52456
  52772  53088  53404  53720  54036  54352  54668  54984  55300  55616
  55932  56248  56564  56880  57196  57512  57828  58144  58460  58776
  59092  59408  59724  60040  60356  60672  60988  61304  61620  61936
  62252  62568  62884  63200  63516  63832  64148  64464  64780  65096
  65412  65728  66044  66360  66676  66992  67308  67624  67940  68256
  68572  68888  69204  69520  69836  70152  70468  70784  71100  71416
  71732  72048  72364  72680  72996  73312  73628  73944  74260  74576
  74892  75208  75524  75840  76156  76472  76788  77104  77420  77736
  78052  78368  78684  79000  79316  79632  79948  80264  80580  80896
  81212  81528  81844  82160  82476  82792  83108  83424  83740  84056
  84372  84688  85004  85320  85636  85952  86268  86584  86900  87216
  87532  87848  88164  88480  88796  89112  89428  89744  90060  90376
  90692  91008  91324  91640  91956  92272  92588  92904  93220  93536
  93852  94168  94484  94800  95116  95432  95748  96064  96380  96696
  97012  97328  97644  97960  98276  98592  98908  99224  99540  99856
 100172 100488 100804 101120 101436 101752 102068 102384 102700 103016
 103332 103648 103964 104280 104596 104912 105228 105544 105860 106176
 106492 106808 107124 107440 107756 108072 108388 108704 109020 109336
 109652 109968 110284 110600 110916 111232 111548 111864 112180 112496
 112812 113128 113444 113760 114076 114392 114708 115024 115340 115656
 115972 116288 116604 116920 117236 117552 117868 118184 118500 118816
 119132 119448 119764 120080 120396 120712 121028 121344 121660 121976
 122292 122608 122924 123240 123556 123872 124188 124504 124820 125136
 125452 125768 126084 126400 126716 127032 127348 127664 127980 128296
 128612 128928 129244 129560 129876 130192 130508 130824 131140 131456
 131772 132088 132404 132720 133036 133352 133668 133984 134300 134616
 134932 135248 135564 135880 136196 136512 136828 137144 137460 137776
 138092 138408 138724 139040 139356 139672 139988 140304 140620 140936
 141252 141568 141884 142200 142516 142832 143148 143464 143780 144096
 144412 144728 145044 145360 145676 145992 146308 146624 146940 147256
 147572 147888 148204 148520 148836 149152 149468 149784 150100 150416
 150732 151048 151364 151680 151996 152312 152628 152944 153260 153576
 153892 154208 154524 154840 155156 155472 155788 156104 156420 156736
 157052 157368 157684 158000 158316 158632 158948 159264 159580 159896
 160212 160528 160844 161160 161476 161792 162108 162424 162740 163056
 163372 163688 164004 164320 164636 164952 165268 165584 165900 166216
 166532 166848 167164 167480 167796 168112 168428 168744 169060 169376
 169692 170008 170324 170640 170956 171272 171588 171904 172220 172536
 172852 173168 173484 173800 174116 174432 174748 175064 175380 175696
 176012 176328 176644 176960 177276 177592 177908 178224 178540 178856
 179172 179488 179804 180120 180436 180752 181068 181384 181700 182016
 182332 182648 182964 183280 183596 183912 184228 184544 184860 185176
 185492 185808 186124 186440 186756 187072 187388 187704 188020 188336
 188652 188968 189284 189600 189916 190232 190548 190864 191180 191496
 191812 192128 192444 192760 193076 193392 193708 194024 194340 194656
 194972 195288 195604 195920 196236 196552 196868 197184 197500 197816
 198132 198448 198764 199080 199396 199712 200028 200344 200660 200976
 201292 201608 201924 202240 202556 202872 203188 203504 203820 204136
 204452 204768 205084 205400 205716 206032 206348 206664 206980 207296
 207612 207928 208244 208560 208876 209192 209508 209824 210140 210456
 210772 211088 211404 211720 212036 212352 212668 212984 213300 213616
 213932 214248 214564 214880 215196 215512 215828 216144 216460 216776
 217092 217408 217724 218040 218356 218672 218988 219304 219620 219936
 220252 220568 220884 221200 221516 221832 222148 222464 222780 223096
 223412 223728 224044 224360 224676 224992 225308 225624 225940 226256
 226572]
K_i: [ 15785  15990  16195  16400  16605  16810  17015  17220  17425  17630
  17835  18040  18245  18450  18655  18860  19065  19270  19475  19680
  19885  20090  20295  20500  20705  20910  21115  21320  21525  21730
  21935  22140  22345  22550  22755  22960  23165  23370  23575  23780
  23985  24190  24395  24600  24805  25010  25215  25420  25625  25830
  26035  26240  26445  26650  26855  27060  27265  27470  27675  27880
  28085  28290  28495  28700  28905  29110  29315  29520  29725  29930
  30135  30340  30545  30750  30955  31160  31365  31570  31775  31980
  32185  32390  32595  32800  33005  33210  33415  33620  33825  34030
  34235  34440  34645  34850  35055  35260  35465  35670  35875  36080
  36285  36490  36695  36900  37105  37310  37515  37720  37925  38130
  38335  38540  38745  38950  39155  39360  39565  39770  39975  40180
  40385  40590  40795  41000  41205  41410  41615  41820  42025  42230
  42435  42640  42845  43050  43255  43460  43665  43870  44075  44280
  44485  44690  44895  45100  45305  45510  45715  45920  46125  46330
  46535  46740  46945  47150  47355  47560  47765  47970  48175  48380
  48585  48790  48995  49200  49405  49610  49815  50020  50225  50430
  50635  50840  51045  51250  51455  51660  51865  52070  52275  52480
  52685  52890  53095  53300  53505  53710  53915  54120  54325  54530
  54735  54940  55145  55350  55555  55760  55965  56170  56375  56580
  56785  56990  57195  57400  57605  57810  58015  58220  58425  58630
  58835  59040  59245  59450  59655  59860  60065  60270  60475  60680
  60885  61090  61295  61500  61705  61910  62115  62320  62525  62730
  62935  63140  63345  63550  63755  63960  64165  64370  64575  64780
  64985  65190  65395  65600  65805  66010  66215  66420  66625  66830
  67035  67240  67445  67650  67855  68060  68265  68470  68675  68880
  69085  69290  69495  69700  69905  70110  70315  70520  70725  70930
  71135  71340  71545  71750  71955  72160  72365  72570  72775  72980
  73185  73390  73595  73800  74005  74210  74415  74620  74825  75030
  75235  75440  75645  75850  76055  76260  76465  76670  76875  77080
  77285  77490  77695  77900  78105  78310  78515  78720  78925  79130
  79335  79540  79745  79950  80155  80360  80565  80770  80975  81180
  81385  81590  81795  82000  82205  82410  82615  82820  83025  83230
  83435  83640  83845  84050  84255  84460  84665  84870  85075  85280
  85485  85690  85895  86100  86305  86510  86715  86920  87125  87330
  87535  87740  87945  88150  88355  88560  88765  88970  89175  89380
  89585  89790  89995  90200  90405  90610  90815  91020  91225  91430
  91635  91840  92045  92250  92455  92660  92865  93070  93275  93480
  93685  93890  94095  94300  94505  94710  94915  95120  95325  95530
  95735  95940  96145  96350  96555  96760  96965  97170  97375  97580
  97785  97990  98195  98400  98605  98810  99015  99220  99425  99630
  99835 100040 100245 100450 100655 100860 101065 101270 101475 101680
 101885 102090 102295 102500 102705 102910 103115 103320 103525 103730
 103935 104140 104345 104550 104755 104960 105165 105370 105575 105780
 105985 106190 106395 106600 106805 107010 107215 107420 107625 107830
 108035 108240 108445 108650 108855 109060 109265 109470 109675 109880
 110085 110290 110495 110700 110905 111110 111315 111520 111725 111930
 112135 112340 112545 112750 112955 113160 113365 113570 113775 113980
 114185 114390 114595 114800 115005 115210 115415 115620 115825 116030
 116235 116440 116645 116850 117055 117260 117465 117670 117875 118080
 118285 118490 118695 118900 119105 119310 119515 119720 119925 120130
 120335 120540 120745 120950 121155 121360 121565 121770 121975 122180
 122385 122590 122795 123000 123205 123410 123615 123820 124025 124230
 124435 124640 124845 125050 125255 125460 125665 125870 126075 126280
 126485 126690 126895 127100 127305 127510 127715 127920 128125 128330
 128535 128740 128945 129150 129355 129560 129765 129970 130175 130380
 130585 130790 130995 131200 131405 131610 131815 132020 132225 132430
 132635 132840 133045 133250 133455 133660 133865 134070 134275 134480
 134685 134890 135095 135300 135505 135710 135915 136120 136325 136530
 136735 136940 137145 137350 137555 137760 137965 138170 138375 138580
 138785 138990 139195 139400 139605 139810 140015 140220 140425 140630
 140835 141040 141245 141450 141655 141860 142065 142270 142475 142680
 142885 143090 143295 143500 143705 143910 144115 144320 144525 144730
 144935 145140 145345 145550 145755 145960 146165 146370 146575 146780
 146985]
A: 1575
P: 908
N: 157
----------
----------
Instancia 14
D_i: [ 180  182  184  186  188  190  192  194  196  198  200  202  204  206
  208  210  212  214  216  218  220  222  224  226  228  230  232  234
  236  238  240  242  244  246  248  250  252  254  256  258  260  262
  264  266  268  270  272  274  276  278  280  282  284  286  288  290
  292  294  296  298  300  302  304  306  308  310  312  314  316  318
  320  322  324  326  328  330  332  334  336  338  340  342  344  346
  348  350  352  354  356  358  360  362  364  366  368  370  372  374
  376  378  380  382  384  386  388  390  392  394  396  398  400  402
  404  406  408  410  412  414  416  418  420  422  424  426  428  430
  432  434  436  438  440  442  444  446  448  450  452  454  456  458
  460  462  464  466  468  470  472  474  476  478  480  482  484  486
  488  490  492  494  496  498  500  502  504  506  508  510  512  514
  516  518  520  522  524  526  528  530  532  534  536  538  540  542
  544  546  548  550  552  554  556  558  560  562  564  566  568  570
  572  574  576  578  580  582  584  586  588  590  592  594  596  598
  600  602  604  606  608  610  612  614  616  618  620  622  624  626
  628  630  632  634  636  638  640  642  644  646  648  650  652  654
  656  658  660  662  664  666  668  670  672  674  676  678  680  682
  684  686  688  690  692  694  696  698  700  702  704  706  708  710
  712  714  716  718  720  722  724  726  728  730  732  734  736  738
  740  742  744  746  748  750  752  754  756  758  760  762  764  766
  768  770  772  774  776  778  780  782  784  786  788  790  792  794
  796  798  800  802  804  806  808  810  812  814  816  818  820  822
  824  826  828  830  832  834  836  838  840  842  844  846  848  850
  852  854  856  858  860  862  864  866  868  870  872  874  876  878
  880  882  884  886  888  890  892  894  896  898  900  902  904  906
  908  910  912  914  916  918  920  922  924  926  928  930  932  934
  936  938  940  942  944  946  948  950  952  954  956  958  960  962
  964  966  968  970  972  974  976  978  980  982  984  986  988  990
  992  994  996  998 1000 1002 1004 1006 1008 1010 1012 1014 1016 1018
 1020 1022 1024 1026 1028 1030 1032 1034 1036 1038 1040 1042 1044 1046
 1048 1050 1052 1054 1056 1058 1060 1062 1064 1066 1068 1070 1072 1074
 1076 1078 1080 1082 1084 1086 1088 1090 1092 1094 1096 1098 1100 1102
 1104 1106 1108 1110 1112 1114 1116 1118 1120 1122 1124 1126 1128 1130
 1132 1134 1136 1138 1140 1142 1144 1146 1148 1150 1152 1154 1156 1158
 1160 1162 1164 1166 1168 1170 1172 1174 1176 1178 1180 1182 1184 1186
 1188 1190 1192 1194 1196 1198 1200 1202 1204 1206 1208 1210 1212 1214
 1216 1218 1220 1222 1224 1226 1228 1230 1232 1234 1236 1238 1240 1242
 1244 1246 1248 1250 1252 1254 1256 1258 1260 1262 1264 1266 1268 1270
 1272 1274 1276 1278 1280 1282 1284 1286 1288 1290 1292 1294 1296 1298
 1300 1302 1304 1306 1308 1310 1312 1314 1316 1318 1320 1322 1324 1326
 1328 1330 1332 1334 1336 1338 1340 1342 1344 1346 1348 1350 1352 1354
 1356 1358 1360 1362 1364 1366 1368 1370 1372 1374 1376 1378 1380 1382
 1384 1386 1388 1390 1392 1394 1396 1398 1400 1402 1404 1406 1408 1410
 1412 1414 1416 1418 1420 1422 1424 1426 1428 1430 1432 1434 1436 1438
 1440 1442 1444 1446 1448 1450 1452 1454 1456 1458 1460 1462 1464 1466
 1468 1470 1472 1474 1476 1478 1480 1482 1484 1486 1488 1490 1492 1494
 1496 1498 1500 1502 1504 1506 1508 1510 1512 1514 1516 1518 1520 1522
 1524 1526 1528 1530 1532 1534 1536 1538 1540 1542 1544 1546 1548 1550
 1552 1554 1556 1558 1560 1562 1564 1566 1568 1570 1572 1574 1576 1578
 1580 1582 1584 1586 1588 1590 1592 1594 1596 1598 1600 1602 1604 1606
 1608 1610 1612 1614 1616 1618 1620 1622 1624 1626 1628 1630 1632 1634
 1636 1638 1640 1642 1644 1646 1648 1650 1652 1654 1656 1658 1660 1662
 1664 1666 1668 1670 1672 1674 1676 1678 1680 1682 1684 1686 1688 1690
 1692 1694 1696 1698 1700 1702 1704 1706 1708 1710 1712 1714 1716 1718
 1720 1722 1724 1726 1728 1730]
C_i: [ 18540  18746  18952  19158  19364  19570  19776  19982  20188  20394
  20600  20806  21012  21218  21424  21630  21836  22042  22248  22454
  22660  22866  23072  23278  23484  23690  23896  24102  24308  24514
  24720  24926  25132  25338  25544  25750  25956  26162  26368  26574
  26780  26986  27192  27398  27604  27810  28016  28222  28428  28634
  28840  29046  29252  29458  29664  29870  30076  30282  30488  30694
  30900  31106  31312  31518  31724  31930  32136  32342  32548  32754
  32960  33166  33372  33578  33784  33990  34196  34402  34608  34814
  35020  35226  35432  35638  35844  36050  36256  36462  36668  36874
  37080  37286  37492  37698  37904  38110  38316  38522  38728  38934
  39140  39346  39552  39758  39964  40170  40376  40582  40788  40994
  41200  41406  41612  41818  42024  42230  42436  42642  42848  43054
  43260  43466  43672  43878  44084  44290  44496  44702  44908  45114
  45320  45526  45732  45938  46144  46350  46556  46762  46968  47174
  47380  47586  47792  47998  48204  48410  48616  48822  49028  49234
  49440  49646  49852  50058  50264  50470  50676  50882  51088  51294
  51500  51706  51912  52118  52324  52530  52736  52942  53148  53354
  53560  53766  53972  54178  54384  54590  54796  55002  55208  55414
  55620  55826  56032  56238  56444  56650  56856  57062  57268  57474
  57680  57886  58092  58298  58504  58710  58916  59122  59328  59534
  59740  59946  60152  60358  60564  60770  60976  61182  61388  61594
  61800  62006  62212  62418  62624  62830  63036  63242  63448  63654
  63860  64066  64272  64478  64684  64890  65096  65302  65508  65714
  65920  66126  66332  66538  66744  66950  67156  67362  67568  67774
  67980  68186  68392  68598  68804  69010  69216  69422  69628  69834
  70040  70246  70452  70658  70864  71070  71276  71482  71688  71894
  72100  72306  72512  72718  72924  73130  73336  73542  73748  73954
  74160  74366  74572  74778  74984  75190  75396  75602  75808  76014
  76220  76426  76632  76838  77044  77250  77456  77662  77868  78074
  78280  78486  78692  78898  79104  79310  79516  79722  79928  80134
  80340  80546  80752  80958  81164  81370  81576  81782  81988  82194
  82400  82606  82812  83018  83224  83430  83636  83842  84048  84254
  84460  84666  84872  85078  85284  85490  85696  85902  86108  86314
  86520  86726  86932  87138  87344  87550  87756  87962  88168  88374
  88580  88786  88992  89198  89404  89610  89816  90022  90228  90434
  90640  90846  91052  91258  91464  91670  91876  92082  92288  92494
  92700  92906  93112  93318  93524  93730  93936  94142  94348  94554
  94760  94966  95172  95378  95584  95790  95996  96202  96408  96614
  96820  97026  97232  97438  97644  97850  98056  98262  98468  98674
  98880  99086  99292  99498  99704  99910 100116 100322 100528 100734
 100940 101146 101352 101558 101764 101970 102176 102382 102588 102794
 103000 103206 103412 103618 103824 104030 104236 104442 104648 104854
 105060 105266 105472 105678 105884 106090 106296 106502 106708 106914
 107120 107326 107532 107738 107944 108150 108356 108562 108768 108974
 109180 109386 109592 109798 110004 110210 110416 110622 110828 111034
 111240 111446 111652 111858 112064 112270 112476 112682 112888 113094
 113300 113506 113712 113918 114124 114330 114536 114742 114948 115154
 115360 115566 115772 115978 116184 116390 116596 116802 117008 117214
 117420 117626 117832 118038 118244 118450 118656 118862 119068 119274
 119480 119686 119892 120098 120304 120510 120716 120922 121128 121334
 121540 121746 121952 122158 122364 122570 122776 122982 123188 123394
 123600 123806 124012 124218 124424 124630 124836 125042 125248 125454
 125660 125866 126072 126278 126484 126690 126896 127102 127308 127514
 127720 127926 128132 128338 128544 128750 128956 129162 129368 129574
 129780 129986 130192 130398 130604 130810 131016 131222 131428 131634
 131840 132046 132252 132458 132664 132870 133076 133282 133488 133694
 133900 134106 134312 134518 134724 134930 135136 135342 135548 135754
 135960 136166 136372 136578 136784 136990 137196 137402 137608 137814
 138020 138226 138432 138638 138844 139050 139256 139462 139668 139874
 140080 140286 140492 140698 140904 141110 141316 141522 141728 141934
 142140 142346 142552 142758 142964 143170 143376 143582 143788 143994
 144200 144406 144612 144818 145024 145230 145436 145642 145848 146054
 146260 146466 146672 146878 147084 147290 147496 147702 147908 148114
 148320 148526 148732 148938 149144 149350 149556 149762 149968 150174
 150380 150586 150792 150998 151204 151410 151616 151822 152028 152234
 152440 152646 152852 153058 153264 153470 153676 153882 154088 154294
 154500 154706 154912 155118 155324 155530 155736 155942 156148 156354
 156560 156766 156972 157178 157384 157590 157796 158002 158208 158414
 158620 158826 159032 159238 159444 159650 159856 160062 160268 160474
 160680 160886 161092 161298 161504 161710 161916 162122 162328 162534
 162740 162946 163152 163358 163564 163770 163976 164182 164388 164594
 164800 165006 165212 165418 165624 165830 166036 166242 166448 166654
 166860 167066 167272 167478 167684 167890 168096 168302 168508 168714
 168920 169126 169332 169538 169744 169950 170156 170362 170568 170774
 170980 171186 171392 171598 171804 172010 172216 172422 172628 172834
 173040 173246 173452 173658 173864 174070 174276 174482 174688 174894
 175100 175306 175512 175718 175924 176130 176336 176542 176748 176954
 177160 177366 177572 177778 177984 178190]
K_i: [ 48690  49231  49772  50313  50854  51395  51936  52477  53018  53559
  54100  54641  55182  55723  56264  56805  57346  57887  58428  58969
  59510  60051  60592  61133  61674  62215  62756  63297  63838  64379
  64920  65461  66002  66543  67084  67625  68166  68707  69248  69789
  70330  70871  71412  71953  72494  73035  73576  74117  74658  75199
  75740  76281  76822  77363  77904  78445  78986  79527  80068  80609
  81150  81691  82232  82773  83314  83855  84396  84937  85478  86019
  86560  87101  87642  88183  88724  89265  89806  90347  90888  91429
  91970  92511  93052  93593  94134  94675  95216  95757  96298  96839
  97380  97921  98462  99003  99544 100085 100626 101167 101708 102249
 102790 103331 103872 104413 104954 105495 106036 106577 107118 107659
 108200 108741 109282 109823 110364 110905 111446 111987 112528 113069
 113610 114151 114692 115233 115774 116315 116856 117397 117938 118479
 119020 119561 120102 120643 121184 121725 122266 122807 123348 123889
 124430 124971 125512 126053 126594 127135 127676 128217 128758 129299
 129840 130381 130922 131463 132004 132545 133086 133627 134168 134709
 135250 135791 136332 136873 137414 137955 138496 139037 139578 140119
 140660 141201 141742 142283 142824 143365 143906 144447 144988 145529
 146070 146611 147152 147693 148234 148775 149316 149857 150398 150939
 151480 152021 152562 153103 153644 154185 154726 155267 155808 156349
 156890 157431 157972 158513 159054 159595 160136 160677 161218 161759
 162300 162841 163382 163923 164464 165005 165546 166087 166628 167169
 167710 168251 168792 169333 169874 170415 170956 171497 172038 172579
 173120 173661 174202 174743 175284 175825 176366 176907 177448 177989
 178530 179071 179612 180153 180694 181235 181776 182317 182858 183399
 183940 184481 185022 185563 186104 186645 187186 187727 188268 188809
 189350 189891 190432 190973 191514 192055 192596 193137 193678 194219
 194760 195301 195842 196383 196924 197465 198006 198547 199088 199629
 200170 200711 201252 201793 202334 202875 203416 203957 204498 205039
 205580 206121 206662 207203 207744 208285 208826 209367 209908 210449
 210990 211531 212072 212613 213154 213695 214236 214777 215318 215859
 216400 216941 217482 218023 218564 219105 219646 220187 220728 221269
 221810 222351 222892 223433 223974 224515 225056 225597 226138 226679
 227220 227761 228302 228843 229384 229925 230466 231007 231548 232089
 232630 233171 233712 234253 234794 235335 235876 236417 236958 237499
 238040 238581 239122 239663 240204 240745 241286 241827 242368 242909
 243450 243991 244532 245073 245614 246155 246696 247237 247778 248319
 248860 249401 249942 250483 251024 251565 252106 252647 253188 253729
 254270 254811 255352 255893 256434 256975 257516 258057 258598 259139
 259680 260221 260762 261303 261844 262385 262926 263467 264008 264549
 265090 265631 266172 266713 267254 267795 268336 268877 269418 269959
 270500 271041 271582 272123 272664 273205 273746 274287 274828 275369
 275910 276451 276992 277533 278074 278615 279156 279697 280238 280779
 281320 281861 282402 282943 283484 284025 284566 285107 285648 286189
 286730 287271 287812 288353 288894 289435 289976 290517 291058 291599
 292140 292681 293222 293763 294304 294845 295386 295927 296468 297009
 297550 298091 298632 299173 299714 300255 300796 301337 301878 302419
 302960 303501 304042 304583 305124 305665 306206 306747 307288 307829
 308370 308911 309452 309993 310534 311075 311616 312157 312698 313239
 313780 314321 314862 315403 315944 316485 317026 317567 318108 318649
 319190 319731 320272 320813 321354 321895 322436 322977 323518 324059
 324600 325141 325682 326223 326764 327305 327846 328387 328928 329469
 330010 330551 331092 331633 332174 332715 333256 333797 334338 334879
 335420 335961 336502 337043 337584 338125 338666 339207 339748 340289
 340830 341371 341912 342453 342994 343535 344076 344617 345158 345699
 346240 346781 347322 347863 348404 348945 349486 350027 350568 351109
 351650 352191 352732 353273 353814 354355 354896 355437 355978 356519
 357060 357601 358142 358683 359224 359765 360306 360847 361388 361929
 362470 363011 363552 364093 364634 365175 365716 366257 366798 367339
 367880 368421 368962 369503 370044 370585 371126 371667 372208 372749
 373290 373831 374372 374913 375454 375995 376536 377077 377618 378159
 378700 379241 379782 380323 380864 381405 381946 382487 383028 383569
 384110 384651 385192 385733 386274 386815 387356 387897 388438 388979
 389520 390061 390602 391143 391684 392225 392766 393307 393848 394389
 394930 395471 396012 396553 397094 397635 398176 398717 399258 399799
 400340 400881 401422 401963 402504 403045 403586 404127 404668 405209
 405750 406291 406832 407373 407914 408455 408996 409537 410078 410619
 411160 411701 412242 412783 413324 413865 414406 414947 415488 416029
 416570 417111 417652 418193 418734 419275 419816 420357 420898 421439
 421980 422521 423062 423603 424144 424685 425226 425767 426308 426849
 427390 427931 428472 429013 429554 430095 430636 431177 431718 432259
 432800 433341 433882 434423 434964 435505 436046 436587 437128 437669
 438210 438751 439292 439833 440374 440915 441456 441997 442538 443079
 443620 444161 444702 445243 445784 446325 446866 447407 447948 448489
 449030 449571 450112 450653 451194 451735 452276 452817 453358 453899
 454440 454981 455522 456063 456604 457145 457686 458227 458768 459309
 459850 460391 460932 461473 462014 462555 463096 463637 464178 464719
 465260 465801 466342 466883 467424 467965]
A: 1231
P: 264
N: 622
----------
----------
Instancia 15
D_i: [ 104  106  108  110  112  114  116  118  120  122  124  126  128  130
  132  134  136  138  140  142  144  146  148  150  152  154  156  158
  160  162  164  166  168  170  172  174  176  178  180  182  184  186
  188  190  192  194  196  198  200  202  204  206  208  210  212  214
  216  218  220  222  224  226  228  230  232  234  236  238  240  242
  244  246  248  250  252  254  256  258  260  262  264  266  268  270
  272  274  276  278  280  282  284  286  288  290  292  294  296  298
  300  302  304  306  308  310  312  314  316  318  320  322  324  326
  328  330  332  334  336  338  340  342  344  346  348  350  352  354
  356  358  360  362  364  366  368  370  372  374  376  378  380  382
  384  386  388  390  392  394  396  398  400  402  404  406  408  410
  412  414  416  418  420  422  424  426  428  430  432  434  436  438
  440  442  444  446  448  450  452  454  456  458  460  462  464  466
  468  470  472  474  476  478  480  482  484  486  488  490  492  494
  496  498  500  502  504  506  508  510  512  514  516  518  520  522
  524  526  528  530  532  534  536  538  540  542  544  546  548  550
  552  554  556  558  560  562  564  566  568  570  572  574  576  578
  580  582  584  586  588  590  592  594  596  598  600  602  604  606
  608  610  612  614  616  618  620  622  624  626  628  630  632  634
  636  638  640  642  644  646  648  650  652  654  656  658  660  662
  664  666  668  670  672  674  676  678  680  682  684  686  688  690
  692  694  696  698  700  702  704  706  708  710  712  714  716  718
  720  722  724  726  728  730  732  734  736  738  740  742  744  746
  748  750  752  754  756  758  760  762  764  766  768  770  772  774
  776  778  780  782  784  786  788  790  792  794  796  798  800  802
  804  806  808  810  812  814  816  818  820  822  824  826  828  830
  832  834  836  838  840  842  844  846  848  850  852  854  856  858
  860  862  864  866  868  870  872  874  876  878  880  882  884  886
  888  890  892  894  896  898  900  902  904  906  908  910  912  914
  916  918  920  922  924  926  928  930  932  934  936  938  940  942
  944  946  948  950  952  954  956  958  960  962  964  966  968  970
  972  974  976  978  980  982  984  986  988  990  992  994  996  998
 1000 1002 1004 1006 1008 1010 1012 1014 1016 1018 1020 1022 1024 1026
 1028 1030 1032 1034 1036 1038 1040 1042 1044 1046 1048 1050 1052 1054
 1056 1058 1060 1062 1064 1066 1068 1070 1072 1074 1076 1078 1080 1082
 1084 1086 1088 1090 1092 1094 1096 1098 1100 1102 1104 1106 1108 1110
 1112 1114 1116 1118 1120 1122 1124 1126 1128 1130 1132 1134 1136 1138
 1140 1142 1144 1146 1148 1150 1152 1154 1156 1158 1160 1162 1164 1166
 1168 1170 1172 1174 1176 1178 1180 1182 1184 1186 1188 1190 1192 1194
 1196 1198 1200 1202 1204 1206 1208 1210 1212 1214 1216 1218 1220 1222
 1224 1226 1228 1230 1232 1234 1236 1238 1240 1242 1244 1246 1248 1250
 1252 1254 1256 1258 1260 1262 1264 1266 1268 1270 1272 1274 1276 1278
 1280 1282 1284 1286 1288 1290 1292 1294 1296 1298 1300 1302 1304 1306
 1308 1310 1312 1314 1316 1318 1320 1322 1324 1326 1328 1330 1332 1334
 1336 1338 1340 1342 1344 1346 1348 1350 1352 1354 1356 1358 1360 1362
 1364 1366 1368 1370 1372 1374 1376 1378 1380 1382 1384 1386 1388 1390
 1392 1394 1396 1398 1400 1402 1404 1406 1408 1410 1412 1414 1416 1418
 1420 1422 1424 1426 1428 1430 1432 1434 1436 1438 1440 1442 1444 1446
 1448 1450 1452 1454 1456 1458 1460 1462 1464 1466 1468 1470 1472 1474
 1476 1478 1480 1482 1484 1486 1488 1490 1492 1494 1496 1498 1500 1502
 1504 1506 1508 1510 1512 1514 1516 1518 1520 1522 1524 1526 1528 1530
 1532 1534 1536 1538 1540 1542 1544 1546 1548 1550 1552 1554 1556 1558
 1560 1562 1564 1566 1568 1570 1572 1574 1576 1578 1580 1582 1584 1586
 1588 1590 1592 1594 1596 1598 1600 1602 1604 1606 1608 1610 1612 1614
 1616 1618 1620 1622 1624 1626 1628 1630 1632 1634 1636 1638 1640 1642
 1644 1646 1648 1650 1652 1654 1656 1658 1660 1662 1664 1666 1668 1670
 1672 1674 1676 1678 1680 1682 1684 1686 1688 1690 1692 1694 1696 1698
 1700 1702 1704 1706 1708 1710 1712 1714 1716 1718 1720 1722 1724 1726
 1728 1730 1732 1734 1736 1738 1740 1742 1744 1746 1748 1750 1752 1754
 1756 1758 1760 1762 1764 1766 1768 1770 1772 1774 1776 1778 1780 1782
 1784 1786 1788 1790 1792 1794 1796 1798 1800 1802 1804 1806 1808 1810
 1812 1814 1816 1818 1820 1822 1824 1826 1828 1830 1832 1834 1836 1838
 1840 1842 1844 1846 1848 1850 1852 1854 1856 1858 1860 1862 1864 1866
 1868 1870 1872 1874 1876 1878 1880 1882 1884 1886 1888 1890 1892 1894
 1896 1898 1900 1902 1904 1906 1908 1910 1912 1914 1916 1918 1920 1922
 1924 1926 1928 1930 1932 1934 1936 1938 1940 1942 1944 1946 1948]
C_i: [ 36764  37471  38178  38885  39592  40299  41006  41713  42420  43127
  43834  44541  45248  45955  46662  47369  48076  48783  49490  50197
  50904  51611  52318  53025  53732  54439  55146  55853  56560  57267
  57974  58681  59388  60095  60802  61509  62216  62923  63630  64337
  65044  65751  66458  67165  67872  68579  69286  69993  70700  71407
  72114  72821  73528  74235  74942  75649  76356  77063  77770  78477
  79184  79891  80598  81305  82012  82719  83426  84133  84840  85547
  86254  86961  87668  88375  89082  89789  90496  91203  91910  92617
  93324  94031  94738  95445  96152  96859  97566  98273  98980  99687
 100394 101101 101808 102515 103222 103929 104636 105343 106050 106757
 107464 108171 108878 109585 110292 110999 111706 112413 113120 113827
 114534 115241 115948 116655 117362 118069 118776 119483 120190 120897
 121604 122311 123018 123725 124432 125139 125846 126553 127260 127967
 128674 129381 130088 130795 131502 132209 132916 133623 134330 135037
 135744 136451 137158 137865 138572 139279 139986 140693 141400 142107
 142814 143521 144228 144935 145642 146349 147056 147763 148470 149177
 149884 150591 151298 152005 152712 153419 154126 154833 155540 156247
 156954 157661 158368 159075 159782 160489 161196 161903 162610 163317
 164024 164731 165438 166145 166852 167559 168266 168973 169680 170387
 171094 171801 172508 173215 173922 174629 175336 176043 176750 177457
 178164 178871 179578 180285 180992 181699 182406 183113 183820 184527
 185234 185941 186648 187355 188062 188769 189476 190183 190890 191597
 192304 193011 193718 194425 195132 195839 196546 197253 197960 198667
 199374 200081 200788 201495 202202 202909 203616 204323 205030 205737
 206444 207151 207858 208565 209272 209979 210686 211393 212100 212807
 213514 214221 214928 215635 216342 217049 217756 218463 219170 219877
 220584 221291 221998 222705 223412 224119 224826 225533 226240 226947
 227654 228361 229068 229775 230482 231189 231896 232603 233310 234017
 234724 235431 236138 236845 237552 238259 238966 239673 240380 241087
 241794 242501 243208 243915 244622 245329 246036 246743 247450 248157
 248864 249571 250278 250985 251692 252399 253106 253813 254520 255227
 255934 256641 257348 258055 258762 259469 260176 260883 261590 262297
 263004 263711 264418 265125 265832 266539 267246 267953 268660 269367
 270074 270781 271488 272195 272902 273609 274316 275023 275730 276437
 277144 277851 278558 279265 279972 280679 281386 282093 282800 283507
 284214 284921 285628 286335 287042 287749 288456 289163 289870 290577
 291284 291991 292698 293405 294112 294819 295526 296233 296940 297647
 298354 299061 299768 300475 301182 301889 302596 303303 304010 304717
 305424 306131 306838 307545 308252 308959 309666 310373 311080 311787
 312494 313201 313908 314615 315322 316029 316736 317443 318150 318857
 319564 320271 320978 321685 322392 323099 323806 324513 325220 325927
 326634 327341 328048 328755 329462 330169 330876 331583 332290 332997
 333704 334411 335118 335825 336532 337239 337946 338653 339360 340067
 340774 341481 342188 342895 343602 344309 345016 345723 346430 347137
 347844 348551 349258 349965 350672 351379 352086 352793 353500 354207
 354914 355621 356328 357035 357742 358449 359156 359863 360570 361277
 361984 362691 363398 364105 364812 365519 366226 366933 367640 368347
 369054 369761 370468 371175 371882 372589 373296 374003 374710 375417
 376124 376831 377538 378245 378952 379659 380366 381073 381780 382487
 383194 383901 384608 385315 386022 386729 387436 388143 388850 389557
 390264 390971 391678 392385 393092 393799 394506 395213 395920 396627
 397334 398041 398748 399455 400162 400869 401576 402283 402990 403697
 404404 405111 405818 406525 407232 407939 408646 409353 410060 410767
 411474 412181 412888 413595 414302 415009 415716 416423 417130 417837
 418544 419251 419958 420665 421372 422079 422786 423493 424200 424907
 425614 426321 427028 427735 428442 429149 429856 430563 431270 431977
 432684 433391 434098 434805 435512 436219 436926 437633 438340 439047
 439754 440461 441168 441875 442582 443289 443996 444703 445410 446117
 446824 447531 448238 448945 449652 450359 451066 451773 452480 453187
 453894 454601 455308 456015 456722 457429 458136 458843 459550 460257
 460964 461671 462378 463085 463792 464499 465206 465913 466620 467327
 468034 468741 469448 470155 470862 471569 472276 472983 473690 474397
 475104 475811 476518 477225 477932 478639 479346 480053 480760 481467
 482174 482881 483588 484295 485002 485709 486416 487123 487830 488537
 489244 489951 490658 491365 492072 492779 493486 494193 494900 495607
 496314 497021 497728 498435 499142 499849 500556 501263 501970 502677
 503384 504091 504798 505505 506212 506919 507626 508333 509040 509747
 510454 511161 511868 512575 513282 513989 514696 515403 516110 516817
 517524 518231 518938 519645 520352 521059 521766 522473 523180 523887
 524594 525301 526008 526715 527422 528129 528836 529543 530250 530957
 531664 532371 533078 533785 534492 535199 535906 536613 537320 538027
 538734 539441 540148 540855 541562 542269 542976 543683 544390 545097
 545804 546511 547218 547925 548632 549339 550046 550753 551460 552167
 552874 553581 554288 554995 555702 556409 557116 557823 558530 559237
 559944 560651 561358 562065 562772 563479 564186 564893 565600 566307
 567014 567721 568428 569135 569842 570549 571256 571963 572670 573377
 574084 574791 575498 576205 576912 577619 578326 579033 579740 580447
 581154 581861 582568 583275 583982 584689 585396 586103 586810 587517
 588224 588931 589638 590345 591052 591759 592466 593173 593880 594587
 595294 596001 596708 597415 598122 598829 599536 600243 600950 601657
 602364 603071 603778 604485 605192 605899 606606 607313 608020 608727
 609434 610141 610848 611555 612262 612969 613676 614383 615090 615797
 616504 617211 617918 618625 619332 620039 620746 621453 622160 622867
 623574 624281 624988 625695 626402 627109 627816 628523 629230 629937
 630644 631351 632058 632765 633472 634179 634886 635593 636300 637007
 637714 638421 639128 639835 640542 641249 641956 642663 643370 644077
 644784 645491 646198 646905 647612 648319 649026 649733 650440 651147
 651854 652561 653268 653975 654682 655389 656096 656803 657510 658217
 658924 659631 660338 661045 661752 662459 663166 663873 664580 665287
 665994 666701 667408 668115 668822 669529 670236 670943 671650 672357
 673064 673771 674478 675185 675892 676599 677306 678013 678720 679427
 680134 680841 681548 682255 682962 683669 684376 685083 685790 686497
 687204 687911 688618]
K_i: [ 13572  13833  14094  14355  14616  14877  15138  15399  15660  15921
  16182  16443  16704  16965  17226  17487  17748  18009  18270  18531
  18792  19053  19314  19575  19836  20097  20358  20619  20880  21141
  21402  21663  21924  22185  22446  22707  22968  23229  23490  23751
  24012  24273  24534  24795  25056  25317  25578  25839  26100  26361
  26622  26883  27144  27405  27666  27927  28188  28449  28710  28971
  29232  29493  29754  30015  30276  30537  30798  31059  31320  31581
  31842  32103  32364  32625  32886  33147  33408  33669  33930  34191
  34452  34713  34974  35235  35496  35757  36018  36279  36540  36801
  37062  37323  37584  37845  38106  38367  38628  38889  39150  39411
  39672  39933  40194  40455  40716  40977  41238  41499  41760  42021
  42282  42543  42804  43065  43326  43587  43848  44109  44370  44631
  44892  45153  45414  45675  45936  46197  46458  46719  46980  47241
  47502  47763  48024  48285  48546  48807  49068  49329  49590  49851
  50112  50373  50634  50895  51156  51417  51678  51939  52200  52461
  52722  52983  53244  53505  53766  54027  54288  54549  54810  55071
  55332  55593  55854  56115  56376  56637  56898  57159  57420  57681
  57942  58203  58464  58725  58986  59247  59508  59769  60030  60291
  60552  60813  61074  61335  61596  61857  62118  62379  62640  62901
  63162  63423  63684  63945  64206  64467  64728  64989  65250  65511
  65772  66033  66294  66555  66816  67077  67338  67599  67860  68121
  68382  68643  68904  69165  69426  69687  69948  70209  70470  70731
  70992  71253  71514  71775  72036  72297  72558  72819  73080  73341
  73602  73863  74124  74385  74646  74907  75168  75429  75690  75951
  76212  76473  76734  76995  77256  77517  77778  78039  78300  78561
  78822  79083  79344  79605  79866  80127  80388  80649  80910  81171
  81432  81693  81954  82215  82476  82737  82998  83259  83520  83781
  84042  84303  84564  84825  85086  85347  85608  85869  86130  86391
  86652  86913  87174  87435  87696  87957  88218  88479  88740  89001
  89262  89523  89784  90045  90306  90567  90828  91089  91350  91611
  91872  92133  92394  92655  92916  93177  93438  93699  93960  94221
  94482  94743  95004  95265  95526  95787  96048  96309  96570  96831
  97092  97353  97614  97875  98136  98397  98658  98919  99180  99441
  99702  99963 100224 100485 100746 101007 101268 101529 101790 102051
 102312 102573 102834 103095 103356 103617 103878 104139 104400 104661
 104922 105183 105444 105705 105966 106227 106488 106749 107010 107271
 107532 107793 108054 108315 108576 108837 109098 109359 109620 109881
 110142 110403 110664 110925 111186 111447 111708 111969 112230 112491
 112752 113013 113274 113535 113796 114057 114318 114579 114840 115101
 115362 115623 115884 116145 116406 116667 116928 117189 117450 117711
 117972 118233 118494 118755 119016 119277 119538 119799 120060 120321
 120582 120843 121104 121365 121626 121887 122148 122409 122670 122931
 123192 123453 123714 123975 124236 124497 124758 125019 125280 125541
 125802 126063 126324 126585 126846 127107 127368 127629 127890 128151
 128412 128673 128934 129195 129456 129717 129978 130239 130500 130761
 131022 131283 131544 131805 132066 132327 132588 132849 133110 133371
 133632 133893 134154 134415 134676 134937 135198 135459 135720 135981
 136242 136503 136764 137025 137286 137547 137808 138069 138330 138591
 138852 139113 139374 139635 139896 140157 140418 140679 140940 141201
 141462 141723 141984 142245 142506 142767 143028 143289 143550 143811
 144072 144333 144594 144855 145116 145377 145638 145899 146160 146421
 146682 146943 147204 147465 147726 147987 148248 148509 148770 149031
 149292 149553 149814 150075 150336 150597 150858 151119 151380 151641
 151902 152163 152424 152685 152946 153207 153468 153729 153990 154251
 154512 154773 155034 155295 155556 155817 156078 156339 156600 156861
 157122 157383 157644 157905 158166 158427 158688 158949 159210 159471
 159732 159993 160254 160515 160776 161037 161298 161559 161820 162081
 162342 162603 162864 163125 163386 163647 163908 164169 164430 164691
 164952 165213 165474 165735 165996 166257 166518 166779 167040 167301
 167562 167823 168084 168345 168606 168867 169128 169389 169650 169911
 170172 170433 170694 170955 171216 171477 171738 171999 172260 172521
 172782 173043 173304 173565 173826 174087 174348 174609 174870 175131
 175392 175653 175914 176175 176436 176697 176958 177219 177480 177741
 178002 178263 178524 178785 179046 179307 179568 179829 180090 180351
 180612 180873 181134 181395 181656 181917 182178 182439 182700 182961
 183222 183483 183744 184005 184266 184527 184788 185049 185310 185571
 185832 186093 186354 186615 186876 187137 187398 187659 187920 188181
 188442 188703 188964 189225 189486 189747 190008 190269 190530 190791
 191052 191313 191574 191835 192096 192357 192618 192879 193140 193401
 193662 193923 194184 194445 194706 194967 195228 195489 195750 196011
 196272 196533 196794 197055 197316 197577 197838 198099 198360 198621
 198882 199143 199404 199665 199926 200187 200448 200709 200970 201231
 201492 201753 202014 202275 202536 202797 203058 203319 203580 203841
 204102 204363 204624 204885 205146 205407 205668 205929 206190 206451
 206712 206973 207234 207495 207756 208017 208278 208539 208800 209061
 209322 209583 209844 210105 210366 210627 210888 211149 211410 211671
 211932 212193 212454 212715 212976 213237 213498 213759 214020 214281
 214542 214803 215064 215325 215586 215847 216108 216369 216630 216891
 217152 217413 217674 217935 218196 218457 218718 218979 219240 219501
 219762 220023 220284 220545 220806 221067 221328 221589 221850 222111
 222372 222633 222894 223155 223416 223677 223938 224199 224460 224721
 224982 225243 225504 225765 226026 226287 226548 226809 227070 227331
 227592 227853 228114 228375 228636 228897 229158 229419 229680 229941
 230202 230463 230724 230985 231246 231507 231768 232029 232290 232551
 232812 233073 233334 233595 233856 234117 234378 234639 234900 235161
 235422 235683 235944 236205 236466 236727 236988 237249 237510 237771
 238032 238293 238554 238815 239076 239337 239598 239859 240120 240381
 240642 240903 241164 241425 241686 241947 242208 242469 242730 242991
 243252 243513 243774 244035 244296 244557 244818 245079 245340 245601
 245862 246123 246384 246645 246906 247167 247428 247689 247950 248211
 248472 248733 248994 249255 249516 249777 250038 250299 250560 250821
 251082 251343 251604 251865 252126 252387 252648 252909 253170 253431
 253692 253953 254214]
A: 1358
P: 855
N: 987
----------
----------
